1403636579863555584.000000 -0.000000013 -0.000000015 0.000000001 0.000000000 -0.000000000 -0.000000010 1.000000000
1403636579913555456.000000 -0.022227012 -0.000056782 0.007712200 -0.001004840 -0.004915132 -0.000506897 0.999987304
1403636579963555584.000000 -0.045886066 -0.000228551 0.016461797 -0.001174888 -0.011128325 -0.000296314 0.999937356
1403636580013555456.000000 -0.070085302 -0.001222973 0.021782953 -0.001220745 -0.016158216 0.001367239 0.999867857
1403636580063555584.000000 -0.097429760 -0.000563244 0.031812027 -0.001425528 -0.019773889 0.002187660 0.999801099
1403636580113555456.000000 -0.122173816 -0.002989039 0.037474521 -0.001203833 -0.022198606 0.004667869 0.999742031
1403636580163555584.000000 -0.145807967 -0.002705104 0.045582224 -0.000712159 -0.024060804 0.005983004 0.999692380
1403636580213555456.000000 -0.175702080 -0.003988354 0.053611010 -0.000330112 -0.025905341 0.006242213 0.999644935
1403636580263555584.000000 -0.186519593 0.000300663 0.047273245 0.000050514 -0.029479828 0.005443358 0.999550581
1403636580313555456.000000 -0.213939548 -0.000618883 0.062961735 -0.000000873 -0.032508664 0.003431864 0.999465585
1403636580363555584.000000 -0.228008494 -0.001479515 0.063772507 0.000601819 -0.037993409 0.002951399 0.999273479
1403636580413555456.000000 -0.243956506 -0.001856120 0.066950224 0.000703887 -0.045543380 0.001259702 0.998961329
1403636580463555584.000000 -0.256967694 -0.003552168 0.071065292 0.001614566 -0.053757306 0.002075416 0.998550594
1403636580513555456.000000 -0.262655914 -0.003141118 0.068695590 0.001476752 -0.062833183 0.001664394 0.998021543
1403636580563555584.000000 -0.261812329 -0.003758211 0.068213537 0.002667863 -0.069050983 0.002650139 0.997606099
1403636580613555456.000000 -0.251307130 -0.004718038 0.064982988 0.003768698 -0.071966209 0.003131377 0.997395098
1403636580663555584.000000 -0.231641576 -0.009039285 0.064164802 0.004054902 -0.070648782 0.003502919 0.997486889
1403636580713555456.000000 -0.207560405 -0.006595737 0.053020906 0.002959296 -0.066903241 0.000991930 0.997754633
1403636580763555584.000000 -0.165037602 -0.015373578 0.045167174 -0.000127656 -0.062529989 -0.002388913 0.998040259
1403636580813555456.000000 -0.139168397 -0.010109942 0.035751991 -0.003358742 -0.055374838 -0.005982038 0.998442054
1403636580863555584.000000 -0.102257431 -0.009754834 0.029438367 -0.007904856 -0.048232097 -0.009087755 0.998763621
1403636580913555456.000000 -0.061865058 -0.010320569 0.018013453 -0.013105830 -0.040737886 -0.013164234 0.998997211
1403636580963555584.000000 -0.026290415 -0.012653405 0.011720334 -0.015377553 -0.032913223 -0.014962805 0.999227941
1403636581013555456.000000 0.006216412 -0.015531778 0.003254434 -0.015404704 -0.025726134 -0.016306529 0.999417305
1403636581063555584.000000 0.038804237 -0.017427363 -0.003320964 -0.014878047 -0.018944483 -0.016137941 0.999579608
1403636581113555456.000000 0.069912091 -0.012709869 -0.020539969 -0.014583804 -0.012549302 -0.015057804 0.999701560
1403636581163555584.000000 0.100013919 -0.021620559 -0.017835783 -0.015436644 -0.004845919 -0.012311472 0.999793291
1403636581213555456.000000 0.110615984 -0.011077069 -0.033611298 -0.015220835 0.004104641 -0.010149167 0.999824226
1403636581263555584.000000 0.124486692 -0.021513894 -0.026389107 -0.015321889 0.013898303 -0.006957113 0.999761879
1403636581313555456.000000 0.156608567 -0.018695666 -0.039756402 -0.015255369 0.019787185 -0.009032380 0.999647021
1403636581363555584.000000 0.170576110 -0.019708838 -0.044384480 -0.016118705 0.024710957 -0.010276943 0.999511898
1403636581413555456.000000 0.169676483 -0.018396722 -0.045573357 -0.018293189 0.026059747 -0.012372599 0.999416411
1403636581463555584.000000 0.161726877 -0.017633226 -0.044161282 -0.019643134 0.023474004 -0.015367034 0.999413371
1403636581513555456.000000 0.145278037 -0.014650685 -0.039793927 -0.020856075 0.018345835 -0.017869065 0.999454439
1403636581563555584.000000 0.121083833 -0.012070102 -0.031460989 -0.021537986 0.012498922 -0.016374115 0.999555826
1403636581613555456.000000 0.094060577 -0.007750096 -0.021741549 -0.020332709 0.006079873 -0.014987503 0.999662519
1403636581663555584.000000 0.064539663 -0.007226375 -0.012722143 -0.019852854 0.001037101 -0.012526350 0.999723911
1403636581713555456.000000 0.033163853 -0.003128681 -0.003908279 -0.019135481 -0.002303919 -0.013873341 0.999718010
1403636581763555584.000000 -0.000361202 0.001831442 0.006585679 -0.017617827 -0.003625467 -0.011646983 0.999770403
1403636581813555456.000000 -0.038020141 0.006971152 0.011825209 -0.014335564 -0.004709995 -0.011626516 0.999818563
1403636581863555584.000000 -0.060585219 0.001541097 0.019849336 -0.013772227 -0.008036148 -0.011030447 0.999812067
1403636581913555456.000000 -0.093105994 0.002558353 0.027952978 -0.012038607 -0.012892467 -0.008861349 0.999805212
1403636581963555584.000000 -0.124635220 0.002660475 0.035589237 -0.014489994 -0.019551305 -0.007465941 0.999675989
1403636582013555456.000000 -0.155047327 0.003346869 0.042025328 -0.016329948 -0.027322449 -0.005210945 0.999479771
1403636582063555584.000000 -0.177750945 0.017844575 0.034030586 -0.017716037 -0.036864169 -0.006550717 0.999141812
1403636582113555456.000000 -0.197095826 0.011407265 0.046163417 -0.017320592 -0.045259234 -0.006893913 0.998801351
1403636582163555584.000000 -0.212801591 0.003779452 0.051500037 -0.015932081 -0.052120164 -0.005891509 0.998496413
1403636582213555456.000000 -0.234616250 0.009345793 0.041709740 -0.013768433 -0.057308845 -0.006087434 0.998243034
1403636582263555584.000000 -0.231651962 0.011578236 0.040777870 -0.012495214 -0.060525335 -0.005676163 0.998072326
1403636582313555456.000000 -0.235398307 -0.008067841 0.067649588 -0.011565786 -0.059798695 -0.004294169 0.998134315
1403636582363555584.000000 -0.197260022 -0.003252853 0.047053408 -0.010834799 -0.059605747 -0.005906445 0.998145700
1403636582413555456.000000 -0.173523128 -0.006302598 0.040392354 -0.010634433 -0.053387046 -0.005985978 0.998499393
1403636582463555584.000000 -0.145331413 -0.008847837 0.032108322 -0.010544763 -0.045954235 -0.005817556 0.998871028
1403636582513555456.000000 -0.115330018 -0.009925962 0.027009038 -0.011752190 -0.039385073 -0.007584485 0.999126196
1403636582563555584.000000 -0.082758337 -0.011696845 0.019547801 -0.013690374 -0.034366675 -0.008222426 0.999281704
1403636582613555456.000000 -0.045321811 -0.009595002 0.005251189 -0.016544670 -0.032006904 -0.011048655 0.999289691
1403636582663555584.000000 -0.018570704 -0.014061115 0.004300416 -0.019448875 -0.028878804 -0.011162971 0.999331355
1403636582713555456.000000 0.018918013 -0.009255965 -0.011746737 -0.020347061 -0.027082995 -0.010772998 0.999368012
